%% Import cost

% U87
U87_combined_fy_cost = [0.380615,
0.376928136,
0.374995489,
0.360552555,
0.36229494,
0.505347093,
0.505347466,
0.505347094,
0.374999406,
0.374848099,
0.374997,
0.374847343,
0.374884532,
0.375114868,
0.38727563
];

U87_combined_LETd_cost = [0.375080077,
0.369400328,
0.369293862,
0.366225163,
0.360768959,
0.655830536,
0.655831251,
0.655830536,
0.372118254,
0.369397606,
0.372118265,
0.369400328,
0.369884703,
0.37309235,
0.385349785,
];

% AGO
AGO_combined_fy_cost = [0.166388216,
0.110147234,
0.106229165,
0.099433483,
0.099418585,
0.276572845,
0.276462161,
0.276572845,
0.103511069,
0.102982272,
0.114767886,
0.102948472,
0.108846674,
0.108709091,
0.160494625
];

AGO_combined_LETd_cost = [0.187104788,
0.142021002,
0.099993531,
0.096383029,
0.095722889,
0.308598715,
0.098039932,
0.308598715,
0.136398601,
0.142021002,
0.115089448,
0.096491252,
0.1373796,
0.137528703,
0.097207467
];